# iterations	 errorinentropy	 maxerror	 minmean	 maxmean	 cverror	 mincv	 maxcv	(generated with python scripts-python-make-data/ising-multi-heat-capacity.py --file_dir=../sad-monte-carlo/ --reference=/home/jordan/deft/papers/histogram/data/ising-128-T15-reference-lndos.dat --save_dir=ising/data/comparison/N128 --filename ising-wl-128-minGamma --N=128 --Emin=31972 --Emax=0 --seed_avg=8
0.007812	2833	1.073e+04	2833	2833	7108	7108	7108
0.01562	2833	1.073e+04	2833	2833	7108	7108	7108
0.02344	2833	1.073e+04	2833	2833	7108	7108	7108
0.03125	2833	1.073e+04	2833	2833	7108	7108	7108
0.04688	2833	1.073e+04	2833	2833	7108	7108	7108
0.05469	2833	1.073e+04	2833	2833	7108	7108	7108
0.07812	2833	1.073e+04	2833	2833	7108	7108	7108
0.1016	2833	1.073e+04	2833	2833	7108	7108	7108
0.1406	2833	1.073e+04	2833	2833	7108	7108	7108
0.1875	2833	1.073e+04	2833	2833	7108	7108	7108
0.25	2833	1.073e+04	2833	2833	7108	7108	7108
0.3281	2833	1.073e+04	2833	2833	7108	7108	7108
0.4375	2833	1.073e+04	2833	2833	7108	7108	7108
0.5859	2833	1.073e+04	2833	2833	7108	7108	7108
0.7812	2833	1.073e+04	2833	2833	7108	7108	7108
1.039	2833	1.073e+04	2833	2833	7108	7108	7108
1.391	2833	1.073e+04	2833	2833	7108	7108	7108
1.852	2833	1.073e+04	2833	2833	7108	7108	7108
2.469	2833	1.073e+04	2833	2833	7108	7108	7108
3.297	2833	1.073e+04	2833	2833	7108	7108	7108
4.391	2833	1.073e+04	2833	2833	7108	7108	7108
5.859	2833	1.073e+04	2833	2833	7108	7108	7108
7.812	2833	1.073e+04	2833	2833	7108	7108	7108
10.42	2833	1.073e+04	2833	2833	7108	7108	7108
13.89	2833	1.073e+04	2833	2833	7108	7108	7108
18.52	2833	1.073e+04	2833	2833	7108	7108	7108
24.7	2833	1.073e+04	2833	2833	7108	7108	7108
32.95	2833	1.073e+04	2833	2833	7108	7108	7108
43.93	2833	1.073e+04	2833	2833	7108	7108	7108
58.59	2833	1.073e+04	2832	2833	7108	7108	7108
78.12	2832	1.072e+04	2832	2832	7108	7108	7108
104.2	2832	1.072e+04	2832	2832	7108	7108	7108
138.9	2831	1.071e+04	2831	2832	7108	7108	7108
185.3	2831	1.071e+04	2831	2831	7108	7108	7108
247.1	2830	1.07e+04	2830	2830	7108	7108	7108
329.5	2829	1.069e+04	2829	2829	7108	7108	7108
439.3	2827	1.069e+04	2827	2828	7108	7108	7108
585.9	2825	1.068e+04	2825	2826	7108	7108	7108
781.2	2823	1.067e+04	2823	2823	7108	7108	7108
1042	2819	1.065e+04	2819	2819	7108	7108	7108
1389	2814	1.063e+04	2814	2815	7108	7108	7108
1853	2808	1.061e+04	2808	2808	7108	7108	7108
2471	2799	1.058e+04	2799	2799	7108	7108	7108
3295	2788	1.055e+04	2788	2788	7108	7108	7108
4393	2773	1.052e+04	2773	2773	7108	7108	7108
5859	2752	1.047e+04	2752	2753	7108	7108	7108
7812	2725	1.041e+04	2725	2726	7108	7108	7108
1.042e+04	2689	1.033e+04	2689	2690	7108	7108	7108
1.389e+04	2642	1.026e+04	2642	2642	7108	7108	7108
1.853e+04	2579	1.017e+04	2579	2580	7108	7108	7108
2.471e+04	2497	1.005e+04	2496	2497	7108	7108	7108
3.295e+04	2389	9902	2388	2389	7108	7108	7108
4.393e+04	2249	9744	2248	2249	7108	7108	7108
5.859e+04	2072	9545	2069	2080	7108	7108	7108
7.812e+04	1954	9312	1932	1979	7108	7108	7108
1.042e+05	1937	9009	1880	1980	2.828e+04	7759	4.223e+04
1.389e+05	2021	8695	1945	2073	9354	7078	1.863e+04
1.853e+05	2199	8299	2127	2265	7836	6836	1.311e+04
2.471e+05	2535	9731	2476	2624	2.457e+04	6783	1.013e+05
3.295e+05	3239	1.211e+04	3212	3275	1.062e+04	6330	3.503e+04
4.393e+05	4295	1.477e+04	4217	4386	7012	6464	7310
5.859e+05	5748	1.811e+04	5591	5885	6975	6533	7372
7.812e+05	7350	2.199e+04	7217	7447	6977	6698	7408
1.042e+06	9269	2.73e+04	8989	9410	7128	6613	7457
1.389e+06	1.124e+04	3.392e+04	1.09e+04	1.154e+04	7081	6352	7997
1.853e+06	1.297e+04	4.176e+04	1.262e+04	1.327e+04	6910	6542	7374
2.471e+06	1.448e+04	5.204e+04	1.414e+04	1.507e+04	7154	6608	7635
3.295e+06	1.587e+04	6.56e+04	1.538e+04	1.645e+04	6915	6309	7639
4.393e+06	1.682e+04	8.343e+04	1.618e+04	1.745e+04	7114	6603	7626
5.859e+06	1.746e+04	1.053e+05	1.712e+04	1.806e+04	7066	6395	7583
7.812e+06	1.718e+04	1.19e+05	1.616e+04	1.796e+04	7133	6279	7687
1.042e+07	1.69e+04	1.154e+05	1.524e+04	1.81e+04	7016	6622	7403
1.389e+07	1.718e+04	1.215e+05	1.612e+04	1.798e+04	7111	6910	7373
1.853e+07	1.724e+04	1.202e+05	1.612e+04	1.823e+04	7145	6654	7613
2.471e+07	1.68e+04	1.133e+05	1.59e+04	1.739e+04	7335	6902	8034
3.295e+07	1.729e+04	1.283e+05	1.615e+04	1.856e+04	7014	6646	7649
4.393e+07	1.698e+04	1.147e+05	1.526e+04	1.892e+04	7107	6787	7400
5.859e+07	1.049e+04	7.633e+04	3619	1.807e+04	7203	6904	7376
7.812e+07	2194	1.694e+04	347.4	8466	7228	6159	8078
1.042e+08	103.2	664.1	13.3	389.7	3905	2497	5915
1.389e+08	7.181	31.5	1.09	18.62	1351	910.1	2172
1.853e+08	1.843	9.384	0.4954	4.819	700	529.4	894.7
2.471e+08	1.161	5.412	0.2151	2.695	355	240.6	525.2
3.295e+08	0.778	4.706	0.2199	2.076	266.3	125.9	461.6
4.393e+08	0.5882	4.305	0.1324	1.734	196.2	101.9	382.9
5.859e+08	0.4526	3.826	0.08838	1.15	129	81.95	202
7.812e+08	0.2175	3.149	0.04627	0.6353	99.16	57.26	162.1
1.042e+09	0.1599	2.981	0.04914	0.3162	68.04	43.97	108.4
1.389e+09	0.1653	2.847	0.06957	0.269	57.75	32.62	93.62
1.853e+09	0.1283	2.845	0.05296	0.2231	45.74	33.26	59.79
2.471e+09	0.1051	2.773	0.02227	0.1935	33.64	23.79	48.91
3.295e+09	0.08414	2.79	0.02378	0.162	29.49	18.42	42.97
4.393e+09	0.0634	2.782	0.01655	0.1118	24.98	18.02	35.86
5.859e+09	0.07002	2.807	0.02196	0.1291	24.46	16.87	33.22
7.812e+09	0.05883	2.797	0.02196	0.1024	21.25	14.36	33.22
1.042e+10	0.05115	2.783	0.02153	0.09139	19.98	10.18	33.22
1.389e+10	0.05115	2.783	0.02153	0.09139	19.98	10.18	33.22
1.853e+10	0.05115	2.783	0.02153	0.09139	19.98	10.18	33.22
