T (K)	P (bar)	cm3/cm3
298.15  0.20  4.04
298.15	1.84  20.53
298.15	3.86  39.73
298.15	6.91  65.24
298.15	10.28  90.48
298.15	13.32  110.22
298.15	16.27  125.93
298.15	21.90  153.68
298.15	26.57  174.10
298.15	31.79  191.50
298.15	35.71  203.67
298.15	39.67  213.49
298.15	44.57  225.42
298.15	49.47  235.82
298.15	54.50  245.81
298.15	64.65  261.33
298.15	69.57  268.28
298.15	75.17  275.22
298.15	79.76  280.53
298.15	79.76  280.53
298.15	79.76  280.53
298.15	79.76  280.53
298.15	79.76  280.53
298.15	79.76  280.53
298.15	79.76  280.53