1e+03 27.2 28.1
1.33e+03 27.2 28.1
1.78e+03 27.2 28.1
2.37e+03 27.2 28.1
3.16e+03 27.2 28.1
4.22e+03 27.2 28.1
5.62e+03 27.2 28.1
7.5e+03 27.2 28.1
1e+04 27.2 28.1
1.33e+04 27.2 28.1
1.78e+04 27.2 28.1
2.37e+04 27.2 28.1
3.16e+04 27.2 28.1
4.22e+04 27.2 28.1
5.62e+04 27.2 28.1
7.5e+04 27.2 28.1
1e+05 27.2 28.1
1.33e+05 27.2 28.1
1.78e+05 27.2 28.1
2.37e+05 27.2 28.1
3.16e+05 27.2 28.1
4.22e+05 27.2 28.1
5.62e+05 27.2 28.1
7.5e+05 27.2 28.1
1e+06 27.2 28.1
1.33e+06 27.2 28.1
1.78e+06 27.2 28.1
2.37e+06 27.2 28.1
3.16e+06 134 2.24e+03
4.22e+06 125 5.87e+03
5.62e+06 189 5.87e+03
7.5e+06 120 1.03e+03
1e+07 102 2.97e+03
1.33e+07 46.5 192
1.78e+07 86.7 2.97e+03
2.37e+07 78.9 863
3.16e+07 55.7 1.66e+03
4.22e+07 58.4 346
5.62e+07 32.7 126
7.5e+07 9.49 18.8
1e+08 11.8 87.8
1.33e+08 9.42 18.9
1.78e+08 6.59 16.8
2.37e+08 4.86 17.9
3.16e+08 3.68 31.5
4.22e+08 2.46 11.6
5.62e+08 3.75 16.4
7.5e+08 1.58 3.55
1e+09 0.766 3.44
1.33e+09 1.19 4.07
1.78e+09 0.765 3.29
2.37e+09 0.413 1.04
3.16e+09 0.187 0.439
4.22e+09 0.271 0.568
5.62e+09 0.139 0.354
7.5e+09 0.294 0.658
1e+10 0.186 0.387
1.33e+10 0.208 0.88
1.78e+10 0.0768 0.183
2.37e+10 0.0797 0.202
3.16e+10 0.0493 0.202
4.22e+10 0.0364 0.163
5.62e+10 0.0417 0.206
7.5e+10 0.0445 0.207
1e+11 0.0214 0.0698
1.33e+11 0.0225 0.0943
1.78e+11 0.024 0.0946
2.37e+11 0.00813 0.0523
3.16e+11 0.0066 0.0189
4.22e+11 0.00565 0.0157
5.62e+11 0.00471 0.0347
7.5e+11 0.00475 0.0199
1e+12 0.00485 0.0175
1.33e+12 0.00375 0.00736
1.78e+12 0.00323 0.0101
2.37e+12 0.00128 0.00459
3.16e+12 0 0
